
=== callee size banded by EMITTED .text (GRID-W's unit, 16 B bands) ===
   band     kept  inlined  unknown   wrong if cut here
   0000        1     4467        0  <-- MIXED
   0016        0      423        0
   0032        0      168        0
   0048        0      771        0
   0064        9      503        0  <-- MIXED
   0080      137       67        0  <-- MIXED
   0096      317        0        0
   0112      322        0        0
   0128      373        0        0
   0144       16        0        0
   0160        5        0        0
   0176       44        0        0
   0192        1        0        0
   0208        4        0        0
   0224        4        0        0
   0240        3        0        0
   0256        1        0        0
   0272        1        0        0
   0288        1        0        0
   0304        3        0        0
   0320        2        0        0
   0336        5        0        0
   0352        2        0        0
   0368        1        0        0
   0384        1        0        0
   0400        1        0        0
   0464        1        0        0
   0496        2        0        0
  z512+       11        0        0
  TOTAL     1268     6399        0

=== callee size banded by IL SEGMENT LENGTH (w-dataseam's unit, 16 B bands) ===
   band     kept  inlined  unknown   wrong if cut here
   0080        1       59        0  <-- MIXED
   0096        0     1308        0
   0112        0       29        0
   0128        0      876        0
   0144        0      731        0
   0160        0      107        0
   0176        0      396        0
   0192        0      278        0
   0208        0      523        0
   0224        4      588        0  <-- MIXED
   0240       25      301        0  <-- MIXED
   0256       29      434        0  <-- MIXED
   0272       66      676        0  <-- MIXED
   0288        1        6        0  <-- MIXED
   0304      169        0        0
   0320       15        2        0  <-- MIXED
   0336        8        0        0
   0352        0        3        0
   0368      329        5        0  <-- MIXED
   0384      176        2        0  <-- MIXED
   0400       40        0        0
   0416        2        0        0
   0432        1        0        0
   0464        7        3        0  <-- MIXED
   0480        9        5        0  <-- MIXED
   0496        2       10        0  <-- MIXED
   0512       31       25        0  <-- MIXED
   0528       18       16        0  <-- MIXED
   0544       17       15        0  <-- MIXED
   0576        5        1        0  <-- MIXED
   0592        2        0        0
   0624        1        0        0
   0640       18        0        0
   0688       18        0        0
   0704      123        0        0
   0720       41        0        0
   0736       71        0        0
   0800        2        0        0
   0816        3        0        0
   0832        1        0        0
   0848        1        0        0
   0864        1        0        0
   0896        1        0        0
   0976        2        0        0
   1008        1        0        0
 z1024+       27        0        0
  TOTAL     1268     6399        0

=== w-dataseam's fitted cut, scored against the ORACLE ===
A cut says: IL segment > N  =>  assume c2 KEPT the call (exempt it).
So `inlined & gt` is the cut asserting KEPT where c2 INLINED — the
unsound direction — and `kept & le` is the cut asserting INLINED where
c2 KEPT.

   cut   kept&gt   kept&le  inlined&gt  inlined&le    WRONG      of    err%
   128      1267         1        4986        1413     4987    7667   65.0%
   180      1267         1        3036        3363     3037    7667   39.6%
   192      1267         1        2891        3508     2892    7667   37.7%
   224      1267         1        2090        4309     2091    7667   27.3%
   231      1265         3        1607        4792     1610    7667   21.0%
   256      1238        30        1203        5196     1233    7667   16.1%

edges with no census seg_len for the callee (unbandable): 0

=== the JOINT cell — is IL length a FAITHFUL proxy for emitted, or only correlated? ===
 ref_band   il_band     kept  inlined
     0000      0064        1       59
     0000      0096        0     1337
     0000      0128        0     1173
     0000      0160        0      493
     0000      0192        0      652
     0000      0224        0      750
     0000      0256        0      417
     0000      0320        0        2
     0000      0448        0        1
     0000      0480        0        6
     0032      0160        0        8
     0032      0192        0      148
     0032      0224        0      118
     0032      0256        0      590
     0032      0352        0        8
     0032      0384        0        2
     0032      0480        0        9
     0032      0512        0       41
     0032      0544        0       15
     0064      0128        0      434
     0064      0160        0        2
     0064      0192        0        1
     0064      0224       26       21
     0064      0256       94      103
     0064      0288       10        6
     0064      0320        1        0
     0064      0352        6        0
     0064      0384        1        0
     0064      0448        6        2
     0064      0480        2        0
     0064      0576        0        1
     0096      0224        3        0
     0096      0256        1        0
     0096      0288      154        0
     0096      0320       12        0
     0096      0352      160        0
     0096      0384        6        0
     0096      0416        1        0
     0096      0448        1        0
     0096      0480        8        0
     0096      0512       23        0
     0096      0544        3        0
     0096      0608        1        0
     0096      0640       17        0
     0096      0672       18        0
     0096      0704      160        0
     0096      0736       71        0
     0128      0320        2        0
     0128      0352      160        0
     0128      0384      209        0
     0128      0416        1        0
     0128      0512        9        0
     0128      0544        1        0
     0128      0576        5        0
     0128      0704        1        0
     0128      0832        1        0
     0160      0288        6        0
     0160      0320        8        0
     0160      0416        1        0
     0160      0480        1        0
     0160      0512       16        0
     0160      0544       13        0
     0160      0576        2        0
     0160      0704        2        0
     0192      0352        3        0
     0192      0640        1        0
     0192      0832        1        0
     0224      0512        1        0
     0224      0800        3        0
     0224      0960        1        0
     0224    z1024+        2        0
     0256      0704        1        0
     0256      0800        1        0
     0288      0864        1        0
     0288      0960        1        0
     0288      0992        1        0
     0288    z1024+        1        0
     0320      0800        1        0
     0320    z1024+        6        0
     0352      0896        1        0
     0352    z1024+        2        0
     0384    z1024+        2        0
     0448    z1024+        1        0
     0480    z1024+        2        0
    z512+    z1024+       11        0

=== callee banded by .gl SIZE = [sym+0x50]'s INITIAL value, 8-unit bands ===
   band    kept  inlined
   0008       0     1367
   0016       1     1389  <-- MIXED
   0024       0      837
   0032      52     2003  <-- MIXED
   0040       7      226  <-- MIXED
   0048     232      490  <-- MIXED
   0056      23        2  <-- MIXED
   0064     539       10  <-- MIXED
   0072      12        2  <-- MIXED
   0080       6        7  <-- MIXED
   0088      66       66  <-- MIXED
   0096      17        0
   0104       1        0
   0112       1        0
   0120       2        0
   0128     269        0
   0136       3        0
   0152       4        0
   0168       2        0
   0176       5        0
   0200       4        0
   0248       1        0
   0256       2        0
   0272       1        0
   0280       1        0
   0296       1        0
   0304       2        0
   0376       1        0
   0384       2        0
   0392       2        0
   0400       1        0
   0440       1        0
   0448       1        0
   0472       1        0
  z512+       5        0
  TOTAL    1268     6399

.gl SIZE escape (>=128, the port refuses the whole file): yes=309 no=7358 absent=0

=== one-sided cuts on .gl SIZE ===
    T   inl&lt  kept&lt   inl&ge  kept&ge
   96     6399      938        0      330
  104     6399      955        0      313
  112     6399      956        0      312
  122     6399      958        0      310
  128     6399      959        0      309
  160     6399     1235        0       33
  192     6399     1242        0       26
  256     6399     1247        0       21
