3694 B, 2 segments on 4F 1F
-- segment 0  file@0x0a86  838 B
   0000  4f 1f 80 05 00 20 00 4f 20 80 fe 00 4f 33 0d 66
   0010  12 1c 30 22 10 01 44 01 0b 0b 03 0f 10 18 01 00
   0020  0e 6c 12 38 1d 42 45 0e 06 01 01 01 0d 08 00 0f
   0030  4f 02 20 00 4f 01 05 53 53 26 e8 09 b9 f1 09 a6
   0040  43 81 20 99 86 43 84 20 00 46 2d ef 09 4c 4f 11
   0050  53 4f 01 06 53 b9 ef 09 86 43 c0 08 33 86 43 c0
   0060  08 00 1f 38 f3 09 53 53 4f 01 07 b9 f1 09 a6 43
   0070  81 20 33 86 41 74 00 27 a6 43 88 20 33 86 41 12
   0080  10 28 00 00 33 86 4a 40 00 00 00 00 00 00 00 00
   0090  04 00 32 86 45 40 4b 4f 01 08 b9 f1 09 a6 43 81
   00a0  20 33 86 41 74 00 27 a6 43 88 20 33 86 41 12 0c
   00b0  28 00 00 33 86 4a 40 00 00 00 00 00 00 00 00 04
   00c0  00 32 86 45 40 4b 4f 01 09 b9 f1 09 a6 43 81 20
   00d0  33 86 41 74 00 27 a6 43 88 20 33 86 41 12 08 28
   00e0  00 00 33 86 4a 40 00 00 00 00 00 00 00 00 04 00
   00f0  32 86 45 40 4b 4f 01 0a b9 f1 09 a6 43 81 20 33
   0100  86 41 74 00 27 a6 43 88 20 33 86 41 12 04 28 00
   0110  00 33 86 4a 40 00 00 00 00 00 00 00 00 04 00 32
   0120  86 45 40 4b 4f 01 0b b9 f1 09 a6 43 81 20 33 86
   0130  41 74 00 27 a6 43 88 20 33 86 41 12 00 28 00 00
   0140  33 86 4a 40 00 00 00 00 00 00 f0 3f 04 00 32 86
   0150  45 40 4b 4f 01 0c 54 05 54 04 3a f4 09 29 f3 09
   0160  53 53 4f 01 0d b9 f1 09 a6 43 81 20 33 86 41 74
   0170  00 27 a6 43 88 20 33 86 41 12 00 28 00 00 b9 ef
   0180  09 86 43 c0 08 33 86 41 12 00 28 00 00 30 86 45
   0190  40 b9 ef 09 86 43 c0 08 33 86 41 12 0c 28 00 00
   01a0  30 86 45 40 05 32 86 45 40 4b 4f 01 0e b9 f1 09
   01b0  a6 43 81 20 33 86 41 74 00 27 a6 43 88 20 33 86
   01c0  41 12 04 28 00 00 b9 ef 09 86 43 c0 08 33 86 41
   01d0  12 04 28 00 00 30 86 45 40 b9 ef 09 86 43 c0 08
   01e0  33 86 41 12 0c 28 00 00 30 86 45 40 05 32 86 45
   01f0  40 4b 4f 01 0f b9 f1 09 a6 43 81 20 33 86 41 74
   0200  00 27 a6 43 88 20 33 86 41 12 08 28 00 00 b9 ef
   0210  09 86 43 c0 08 33 86 41 12 08 28 00 00 30 86 45
   0220  40 b9 ef 09 86 43 c0 08 33 86 41 12 0c 28 00 00
   0230  30 86 45 40 05 32 86 45 40 4b 4f 01 10 b9 f1 09
   0240  a6 43 81 20 33 86 41 74 00 27 a6 43 88 20 33 86
   0250  41 12 0c 28 00 00 b9 ef 09 86 43 c0 08 33 86 41
   0260  12 10 28 00 00 30 86 45 40 b9 ef 09 86 43 c0 08
   0270  33 86 41 12 0c 28 00 00 30 86 45 40 05 32 86 45
   0280  40 4b 4f 01 11 b9 f1 09 a6 43 81 20 33 86 41 74
   0290  00 27 a6 43 88 20 33 86 41 12 10 28 00 00 b9 ef
   02a0  09 86 43 c0 08 33 86 41 12 14 28 00 00 30 86 45
   02b0  40 b9 ef 09 86 43 c0 08 33 86 41 12 0c 28 00 00
   02c0  30 86 45 40 05 32 86 45 40 4b 4f 01 12 54 05 54
   02d0  04 29 f4 09 54 03 4f 01 13 b9 f1 09 a6 43 81 20
   02e0  33 86 41 74 00 27 a6 43 88 20 33 86 41 12 18 28
   02f0  00 00 33 86 4a 40 00 00 00 00 00 00 00 00 04 00
   0300  32 86 45 40 4b 4f 01 14 b9 f1 09 a6 43 81 20 33
   0310  86 41 74 00 27 a6 43 88 20 33 86 41 12 14 28 00
   0320  00 33 86 4a 40 00 00 00 00 00 00 00 00 04 00 32
   0330  86 45 40 4b 4f 01 15 3a f2 09 54 02 29 f2 09 4f
   0340  12 47 54 01 54 00
